5
10
619
445
818
997
759
971
85
717
296
3
50
35
53
160
741
570
404
851
654
39
446
185
794
873
424
567
209
111
16
356
813
703
364
300
270
140
307
414
29
541
823
268
207
917
493
25
99
980
648
410
452
259
665
515
156
741
212
763
780
869
49
100
923
730
231
439
63
95
989
722
28
790
277
916
425
868
227
544
576
151
877
837
80
782
382
698
389
138
298
474
391
646
299
805
437
452
38
536
796
86
407
6
456
66
576
309
166
871
621
24
377
13
982
708
411
60
642
30
11
951
436
484
446
77
653
757
700
729
10
108
343
155
796
217
533
375
505
927
452
669
231
834
687
550
844
474
787
829
547
778
584
721
545
201
903
668
231
428
178
680
13
93
500
521
125
460
286
88
636
740
996
233
748
148
966
870
281
360
517
564
264
346
821
680
289
726
663
827
380
895
396
369
177
99
489
918
675
491
85
575
258
221
761
169
63
639
796
943
604
445
331
717
1000
672
187
923
372
97
796
959
452
750
490
125
927
218
554
359
642
996
165
819
64
839
909
908
903
924
468
48
317
94
924
828
929
691
405
303
412
236
428
630
501
239
151
113
576
972
322
692
7
3
581
459
568
355
107
806
755
307
41
350
482
151
581
941
274
126
396
898
272
538
944
384
265
85
156
282
9
19
861
317
368
409
440
74
477
165
718
809
594
684
405
932
709
131
540
897
804
829
841
651
52
44
123
210
501
5
478
147
145
925
230
456
485
462
369
128
472
759
245
672
313
133
122
255
710
431
667
59
878
334
287
593
219
175
348
322
511
479
602
962
113
466
429
485
316
902
579
477
726
503
324
482
755
33
534
675
678
57
962
291
535
863
123
861
473
98
18
912
468
751
957
874
968
861
197
385
523
807
661
379
982
338
450
20
863
807
375
965
354
362
260
318
361
56
234
888
47
786
692
448
672
181
11
0
54
751
414
610
348
811
171
252
985
972
502
930
420
201
115
271
509
482
3
244
49
378
781
838
19
853
395
665
451
50
262
525
195
236
118
258
991
656
662
446
864
476
115
231
622
628
907
933
976
267
968
702
448
141
920
741
265
701
899
913
472
165
284
523
572
261
627
684
550
223
661
310
754
29
832
192
970
108
284
965
10
573
78
613
321
707
416
75
669
479
583
81
253
105
793
950
419
438
899
946
882
782
860
683
950
413
969
9
608
40
936
546
479
785
382
516
216
848
997
494
604
469
466
100
369
849
839
134
708
814
631
664
158
32
693
670
289
518
356
368
779
437
541
227
69
256
353
436
23
711
268
372
810
942
264
425
23
508
381
852
881
616
65
186
158
29
874
162
788
655
974
681
134
23
91
594
390
843
23
732
485
949
349
440
967
779
742
678
789
909
210
466
964
998
521
218
252
540
919
969
560
906
478
61
819
585
625
684
767
314
95
586
363
515
698
979
670
377
341
221
622
221
95
135
680
611
471
138
130
743
481
939
562
207
85
883
252
977
663
357
853
452
550
897
968
69
449
1000
415
981
308
447
73
617
976
150
707
642
923
404
379
928
536
264
250
105
521
946
672
106
275
372
618
800
844
552
780
334
275
115
45
137
915
216
416
843
760
253
358
528
721
956
250
805
343
649
77
523
428
713
424
380
988
834
638
350
99
379
171
128
198
144
363
380
306
323
332
281
193
569
874
203
797
461
142
179
30
983
224
848
708
340
858
537
323
891
582
150
92
416
966
207
657
357
484
34
398
351
711
902
65
483
346
716
320
746
265
712
495
674
809
85
879
8
577
767
10
369
475
173
645
257
986
745
946
552
167
864
424
217
290
297
763
500
20
752
966
693
470
318
462
914
64
775
402
687
376
857
456
206
202
348
477
798
594
307
676
247
25
958
712
476
852
897
739
807
788
611
953
233
949
684
24
750
188
952
640
97
938
18
634
373
797
970
550
192
620
149
554
677
978
30
794
26
658
259
715
522
614
521
498
418
728
336
825
6
892
492
693
395
20
485
242
972
687
246
398
313
914
458
476
11
246
821
693
132
817
552
109
552
985
177
348
701
790
211
20
801
806
953
231
169
157
430
885
498
406
140
983
184
156
656
989
998
876
677
904
351
719
491
245
390
938
115
18
543
772
491
455
135
125
735
583
421
348
692
792
514
903
684
854
846
821
195
481
880
64
268
705
601
212
949
438
134
438
87
314
188
820
823
887
411
303
745
641
694
453
19
894
840
342
890
620
437
731
371
490
783
682
963
339
709
640
242
395
219
309
834
310
303
823
788
8
836
998
766
102
325
706
107
677
112
863
879
540
428
377
146
551
23
97
885
666
431
81
584
613
266
736
129
317
837
603
519
774
964
735
906
152
401
458
946
770
849
679
32
203
378
797
611
582
562
648
368
278
593
960
968
197
827
209
132
127
910
400
897
577
404
765
604
808
16
570
378
286
426
778
713
157
861
994
748
83
968
314
444
817
75
690
450
84
822
231
382
182
758
486
745
352
455
40
670
903
363
309
497
417
493
419
588
427
697
615
883
227
95
564
985
677
478
691
997
194
183
61
679
574
857
906
971
947
642
262
602
56
318
266
54
377
993
919
976
297
291
517
762
571
742
572
332
870
121
169
232
58
436
532
975
195
678
17
917
870
87
114
5
869
277
279
300
629
554
435
546
625
880
829
678
0
966
848
439
74
201
907
255
615
105
201
259
895
216
855
130
476
272
73
834
450
992
131
680
614
315
236
222
937
595
306
32
844
755
785
820
560
389
571
805
591
337
965
868
708
143
82
534
965
510
288
261
496
966
653
794
553
417
154
226
366
794
885
534
782
993
781
112
833
236
511
609
516
784
676
463
592
491
739
627
558
651
836
268
101
491
595
427
337
933
233
988
178
113
797
495
302
729
291
620
502
280
955
107
75
814
425
812
98
919
933
184
594
795
882
738
980
919
803
247
592
968
553
280
834
730
593
838
77
717
656
598
415
195
103
358
843
113
201
938
293
962
144
41
966
652
380
183
75
453
124
835
102
703
324
631
640
146
414
448
211
871
864
404
470
480
533
330
334
679
348
595
779
512
831
640
796
584
434
776
795
351
739
200
843
486
200
974
783
428
2
997
384
75
157
410
204
83
728
132
202
221
632
593
730
765
219
102
475
619
14
969
529
358
590
607
49
783
272
94
348
299
983
162
154
382
702
825
822
991
501
892
223
444
176
326
537
807
286
816
706
909
477
168
79
359
678
370
793
557
423
494
102
561
93
641
720
774
829
759
562
356
918
919
373
341
379
46
487
602
392
594
558
363
901
555
362
45
570
14
735
678
714
651
288
488
389
728
625
413
554
641
320
581
145
825
859
604
346
267
72
22
298
37
824
77
336
308
243
668
421
64
961
410
770
967
630
782
631
953
938
487
655
396
872
218
110
876
234
212
443
648
240
509
253
854
860
412
765
354
193
781
328
181
315
925
631
56
492
625
24
573
992
230
972
296
129
345
884
119
851
378
181
160
507
31
496
909
558
610
997
639
370
759
388
81
977
428
220
431
611
99
747
651
779
82
806
18
532
942
566
735
764
812
314
694
984
79
567
32
876
839
848
895
584
990
473
93
674
418
709
137
729
648
457
120
208
96
464
735
212
708
374
280
11
599
740
671
403
85
189
363
910
6
170
942
682
675
312
575
188
103
675
438
70
561
300
393
725
838
363
165
660
196
705
515
685
347
54
632
205
794
258
922
479
102
765
963
623
61
485
144
38
790
98
439
999
571
36
150
83
39
712
339
137
744
689
745
777
1